[COLOR]
width = 1280
height = 720
cx = 638.4144897460938
cy = 367.95513916015625
fx = 611.0506591796875
fy = 610.7638549804688
k1 = 0.6944806575775146
k2 = -2.7082302570343018
k3 = 1.4279989004135132
k4 = 0.5692160725593567
k5 = -2.537520408630371
k6 = 1.3635576963424685
p2 = -0.00009335744834970684
p1 = 0.0011957712704315782

[DEPTH]
width = 640
height = 576
cx = 325.4591064453125
cy = 340.33404541015625
fx = 503.9581604003906
fy = 504.0079345703125
k1 = 5.268435478210449
k2 = 3.5621509552001953
k3 = 0.1832902431488037
k4 = 5.597447872161865
k5 = 5.32110071182251
k6 = 0.9697896838188172
p2 = -0.00004438921678229235
p1 = -6.14773682627856e-7

[TRANSFORM]
matrix = [[0.9999995231628418, -0.0007815574062988162, 0.0005391848389990628, -0.032012828826904295],
          [0.0007274720119312406, 0.9955809116363524, 0.09390466660261154, -0.0021236026287078857],
          [-0.0006101940525695682, -0.09390423446893692, 0.995581030845642, 0.003942594051361084],
          [0, 0, 0, 1]]
          
