[COLOR]
width = 1920
height = 1080
cx = 959.554443359375
cy = 553.0713500976563
fx = 918.7847900390624
fy = 918.74755859375
k1 = 0.2384146749973297
k2 = -2.588970422744751
k3 = 1.6253238916397097
k4 = 0.11739282310009004
k5 = -2.3907134532928467
k6 = 1.5356098413467407
p2 = -0.0003216137702111155
p1 = 0.00043883256148546934

[DEPTH]
width = 640
height = 576
cx = 324.9425048828125
cy = 338.73333740234375
fx = 505.434326171875
fy = 505.5833740234375
k1 = 5.00691032409668
k2 = 2.804828643798828
k3 = 0.12429935485124588
k4 = 5.338790416717529
k5 = 4.457581996917725
k6 = 0.7083042860031128
p2 = 0.000006995560397626832
p1 = 0.0001689546916168183

[TRANSFORM]
matrix = [[0.9999825358390808, 0.005554651375859976, -0.00202817446552217, -0.032031383514404294],
          [-0.005311469081789255, 0.994476854801178, 0.10482137650251389, -0.0020242941379547117],
          [0.002599218860268593, -0.10480877012014388, 0.9944890141487122, 0.003925086975097657],
          [0, 0, 0, 1]]

